1000 0 20412 9706
2000 0 44782 21391
3000 1 71404 34202
4000 0 98058 47029
5000 1 126368 60684
6000 1 155002 74501
7000 1 183442 88221
8000 4 212068 102034
9000 3 242148 116574
10000 4 272708 131354
11000 4 303166 146083
12000 4 333598 160799
13000 4 364318 175659
14000 7 394758 190379
15000 5 425202 205101
16000 8 455820 219910
17000 8 487618 235309
18000 7 520162 251081
19000 8 552768 266884
20000 9 585406 282703
21000 9 617778 298389
22000 9 650666 314333
23000 10 683082 330041
24000 11 715882 345941
25000 10 748210 361605
26000 12 781000 377500
27000 11 813604 393302
28000 12 846316 409158
29000 12 878822 424911
30000 14 911190 440595
31000 13 943930 456465
32000 13 976542 472271
33000 14 1009700 488350
34000 16 1044250 505125
35000 17 1079014 522007
36000 15 1113622 538811
37000 16 1148096 555548
38000 16 1182918 572459
39000 17 1217246 589123
40000 18 1251972 605986
41000 18 1286568 622784
42000 19 1321248 639624
43000 20 1355870 656435
44000 19 1390418 673209
45000 21 1425266 690133
46000 22 1459870 706935
47000 22 1494234 723617
48000 23 1528716 740358
49000 22 1563544 757272
50000 24 1598098 774049
51000 23 1632890 790945
52000 24 1667184 807592
53000 27 1701842 824421
54000 25 1736616 841308
55000 27 1771442 858221
56000 27 1805462 874731
57000 26 1840412 891706
58000 28 1874722 908361
59000 28 1909304 925152
60000 28 1944390 942195
61000 29 1978946 958973
62000 29 2013224 975612
63000 34 2048168 992584
64000 29 2082610 1009305
65000 32 2117226 1026113
66000 31 2152568 1043284
67000 32 2189106 1061053
68000 33 2225914 1078957
69000 33 2262018 1096509
70000 33 2298740 1114370
71000 34 2335260 1132130
72000 34 2371874 1149937
73000 35 2408676 1167838
74000 36 2445486 1185743
75000 37 2481782 1203391
76000 37 2518464 1221232
77000 38 2554822 1238911
78000 37 2591390 1256695
79000 40 2627654 1274327
80000 39 2664754 1292377
81000 41 2701088 1310044
82000 40 2737802 1327901
83000 40 2774184 1345592
84000 41 2811016 1363508
85000 42 2847476 1381238
86000 42 2884164 1399082
87000 67 2920560 1416780
88000 45 2956992 1434496
89000 44 2993820 1452410
90000 44 3030362 1470181
91000 46 3066888 1487944
92000 48 3103992 1505996
93000 45 3139904 1523452
94000 47 3176756 1541378
95000 47 3213504 1559252
96000 47 3249880 1576940
97000 48 3286688 1594844
98000 48 3322998 1612499
99000 49 3359538 1630269
100000 51 3396450 1648225
