1000 0 19222 9111
2000 0 42446 20223
3000 1 67022 32011
4000 2 92660 44330
5000 3 119278 57139
6000 2 146426 70213
7000 2 173716 83358
8000 3 201378 96689
9000 4 229934 110467
10000 4 258360 124180
11000 5 287716 138358
12000 6 316700 152350
13000 5 346004 166502
14000 6 375488 180744
15000 7 404816 194908
16000 8 434656 209328
17000 8 464650 223825
18000 9 495306 238653
19000 8 525898 253449
20000 9 556512 268256
21000 9 587534 283267
22000 10 618844 298422
23000 10 649756 313378
24000 11 681270 328635
25000 11 712350 343675
26000 12 743688 358844
27000 12 775680 374340
28000 13 806656 389328
29000 13 838074 404537
30000 14 869756 419878
31000 15 900942 434971
32000 14 933308 450654
33000 15 964978 465989
34000 16 997082 481541
35000 17 1029774 497387
36000 17 1062556 513278
37000 16 1094994 528997
38000 18 1128050 545025
39000 19 1160662 560831
40000 19 1193488 576744
41000 20 1226672 592836
42000 20 1259414 608707
43000 20 1291514 624257
44000 21 1325712 640856
45000 23 1358680 656840
46000 22 1392356 673178
47000 24 1424742 688871
48000 24 1458636 705318
49000 23 1491284 721142
50000 24 1525628 737814
51000 25 1557992 753496
52000 26 1591296 769648
53000 27 1625248 786124
54000 26 1658632 802316
55000 27 1691838 818419
56000 29 1724774 834387
57000 28 1759218 851109
58000 28 1791852 866926
59000 30 1825710 883355
60000 31 1859208 899604
61000 29 1893130 916065
62000 31 1926844 932422
63000 32 1960276 948638
64000 34 1993956 964978
65000 33 2027782 981391
66000 33 2061326 997663
67000 33 2096626 1014813
68000 33 2130284 1031142
69000 35 2165386 1048193
70000 35 2199714 1064857
71000 35 2233744 1081372
72000 36 2268422 1098211
73000 37 2303594 1115297
74000 38 2337882 1131941
75000 39 2373384 1149192
76000 39 2407698 1165849
77000 40 2442386 1182693
78000 41 2477432 1199716
79000 40 2512460 1216730
80000 41 2546938 1233469
81000 42 2582168 1250584
82000 42 2617186 1267593
83000 44 2651802 1284401
84000 43 2686370 1301185
85000 44 2722076 1318538
86000 45 2757188 1335594
87000 45 2791812 1352406
88000 46 2827384 1369692
89000 48 2862724 1386862
90000 46 2897158 1403579
91000 48 2931946 1420473
92000 48 2968700 1438350
93000 48 3003186 1455093
94000 49 3037928 1471964
95000 49 3073634 1489317
96000 50 3108418 1506209
97000 50 3144224 1523612
98000 51 3178944 1540472
99000 54 3214754 1557877
100000 52 3249972 1574986
