1000 0 17624 8312
2000 0 39418 18709
3000 0 62470 29735
4000 2 86808 41404
5000 0 111814 53407
6000 2 137180 65590
7000 2 163320 78160
8000 2 189550 90775
9000 3 216432 103716
10000 3 243296 116648
11000 3 271006 130003
12000 5 298104 143052
13000 5 326530 156765
14000 8 354844 170422
15000 4 383234 184117
16000 6 411596 197798
17000 6 440394 211697
18000 7 469778 225889
19000 8 499762 240381
20000 8 528556 254278
21000 7 559176 269088
22000 8 587536 282768
23000 9 618688 297844
24000 9 647266 311633
25000 10 678160 326580
26000 10 707414 340707
27000 11 739754 356377
28000 12 768386 370193
29000 11 800424 385712
30000 11 828500 399250
31000 12 860902 414951
32000 14 889054 428527
33000 14 920952 443976
34000 14 950144 458072
35000 15 982646 473823
36000 14 1010848 487424
37000 17 1044528 503764
38000 16 1072792 517396
39000 16 1106466 533733
40000 16 1134968 547484
41000 18 1168696 563848
42000 18 1197136 577568
43000 18 1230856 593928
44000 17 1259012 607506
45000 20 1292912 623956
46000 19 1321696 637848
47000 22 1355850 654425
48000 20 1384748 668374
49000 22 1418388 684694
50000 22 1447716 698858
51000 21 1483408 716204
52000 23 1511860 729930
53000 23 1547728 747364
54000 22 1576234 761117
55000 25 1612254 778627
56000 24 1641096 792548
57000 26 1676914 809957
58000 26 1705680 823840
59000 26 1741430 841215
60000 26 1769758 854879
61000 26 1805304 872152
62000 29 1833754 885877
63000 27 1870268 903634
64000 28 1898988 917494
65000 30 1933116 934058
66000 30 1962456 948228
67000 29 1999650 966325
68000 30 2028994 980497
69000 30 2065332 998166
70000 31 2095430 1012715
71000 31 2132486 1030743
72000 32 2162558 1045279
73000 35 2197496 1062248
74000 46 2227718 1076859
75000 34 2265220 1095110
76000 34 2294602 1109301
77000 37 2330648 1126824
78000 35 2360392 1141196
79000 35 2397488 1159244
80000 36 2427754 1173877
81000 36 2462314 1190657
82000 37 2493344 1205672
83000 38 2530476 1223738
84000 39 2559826 1237913
85000 40 2596620 1255810
86000 40 2626240 1270120
87000 40 2663504 1288252
88000 41 2693858 1302929
89000 41 2729280 1320140
90000 42 2760194 1335097
91000 42 2797406 1353203
92000 43 2826892 1367446
93000 44 2863026 1385013
94000 44 2894050 1400025
95000 45 2931334 1418167
96000 45 2961752 1432876
97000 44 2996080 1449540
98000 44 3027194 1464597
99000 46 3065892 1483446
100000 48 3095482 1497741
