1000 0 5052 9976
2000 1 11119 21952
3000 0 18129 34904
4000 1 24297 47904
5000 1 32153 61808
6000 2 39319 75808
7000 2 46464 89808
8000 3 52799 103808
9000 2 61318 118616
10000 3 69561 133616
11000 4 77581 148616
12000 4 84969 163616
13000 7 92871 178616
14000 5 100491 193616
15000 5 107821 208616
16000 6 114411 223616
17000 6 123127 239232
18000 7 132542 255232
19000 7 141542 271232
20000 7 150092 287232
21000 8 158685 303232
22000 7 167372 319232
23000 9 175328 335232
24000 9 183073 351232
25000 8 191102 367232
26000 9 200257 383232
27000 9 208763 399232
28000 10 216825 415232
29000 11 224698 431232
30000 12 232912 447232
31000 12 240472 463232
32000 12 247945 479232
33000 13 255474 495464
34000 13 266264 512464
35000 15 276330 529464
36000 14 286230 546464
37000 13 295424 563464
38000 14 305297 580464
39000 15 314312 597464
40000 15 323160 614464
41000 15 331082 631464
42000 17 341145 648464
43000 17 350333 665464
44000 17 359631 682464
45000 18 367770 699464
46000 25 376857 716464
47000 18 385433 733464
48000 20 393332 750464
49000 19 400684 767464
50000 20 410712 784464
51000 20 420798 801464
52000 21 430787 818464
53000 20 439551 835464
54000 21 449269 852464
55000 23 458243 869464
56000 21 467232 886464
57000 21 475482 903464
58000 23 484494 920464
59000 24 493630 937464
60000 23 503044 954464
61000 23 511417 971464
62000 25 519897 988464
63000 24 528439 1005464
64000 29 536606 1022464
65000 28 544104 1039464
66000 28 553585 1056928
67000 29 564930 1074928
68000 29 575958 1092928
69000 29 586390 1110928
70000 31 596407 1128928
71000 30 607262 1146928
72000 30 616965 1164928
73000 31 626395 1182928
74000 31 636134 1200928
75000 32 646455 1218928
76000 34 656150 1236928
77000 33 665635 1254928
78000 34 674760 1272928
79000 32 684512 1290928
80000 49 693659 1308928
81000 33 702183 1326928
82000 30 710110 1344928
83000 32 721350 1362928
84000 31 731657 1380928
85000 32 741791 1398928
86000 32 751125 1416928
87000 33 761565 1434928
88000 33 770725 1452928
89000 36 780094 1470928
90000 34 788387 1488928
91000 35 798701 1506928
92000 35 808063 1524928
93000 36 817973 1542928
94000 37 826119 1560928
95000 37 835265 1578928
96000 36 843796 1596928
97000 36 852481 1614928
98000 37 859663 1632928
99000 38 870889 1650928
100000 39 882061 1668928
