1000 1 8682 9976
2000 1 19408 21952
3000 4 30937 34904
4000 3 42763 47904
5000 3 55231 61808
6000 4 67812 75808
7000 6 80557 89808
8000 6 93615 103808
9000 7 106972 118616
10000 6 120567 133616
11000 11 133901 148616
12000 8 147762 163616
13000 12 161466 178616
14000 12 175302 193616
15000 13 189271 208616
16000 15 203264 223616
17000 11 217553 239232
18000 11 231987 255232
19000 9 246411 271232
20000 9 260812 287232
21000 11 275446 303232
22000 9 289998 319232
23000 10 304699 335232
24000 11 319474 351232
25000 10 334051 367232
26000 10 349043 383232
27000 12 363787 399232
28000 12 378613 415232
29000 13 393557 431232
30000 13 408507 447232
31000 14 423653 463232
32000 13 438491 479232
33000 15 453734 495464
34000 16 469011 512464
35000 15 484483 529464
36000 17 499766 546464
37000 16 515331 563464
38000 16 530631 580464
39000 18 546260 597464
40000 17 561908 614464
41000 19 577334 631464
42000 19 592572 648464
43000 19 608282 665464
44000 21 624053 682464
45000 21 639561 699464
46000 22 655438 716464
47000 21 671208 733464
48000 24 686513 750464
49000 22 702628 767464
50000 23 718258 784464
51000 23 733651 801464
52000 25 749848 818464
53000 25 765717 835464
54000 26 781528 852464
55000 26 797439 869464
56000 28 813439 886464
57000 27 829373 903464
58000 27 845177 920464
59000 28 861183 937464
60000 29 877280 954464
61000 29 893195 971464
62000 28 909233 988464
63000 30 925111 1005464
64000 29 941141 1022464
65000 32 956994 1039464
66000 32 973344 1056928
67000 32 989918 1074928
68000 33 1006146 1092928
69000 33 1022580 1110928
70000 35 1039001 1128928
71000 36 1055271 1146928
72000 36 1071746 1164928
73000 35 1088266 1182928
74000 34 1104910 1200928
75000 35 1121141 1218928
76000 37 1137852 1236928
77000 36 1154088 1254928
78000 38 1170463 1272928
79000 39 1187165 1290928
80000 38 1203589 1308928
81000 38 1220099 1326928
82000 39 1236203 1344928
83000 41 1253361 1362928
84000 41 1269518 1380928
85000 41 1286138 1398928
86000 42 1302872 1416928
87000 43 1319426 1434928
88000 43 1336081 1452928
89000 44 1352941 1470928
90000 46 1369408 1488928
91000 45 1386141 1506928
92000 45 1403025 1524928
93000 45 1419380 1542928
94000 46 1436099 1560928
95000 47 1453030 1578928
96000 48 1469220 1596928
97000 53 1486035 1614928
98000 48 1502751 1632928
99000 50 1519385 1650928
100000 52 1536337 1668928
