1000 0 4932 9976
2000 0 10864 21952
3000 1 16828 34904
4000 1 23728 47904
5000 1 29804 61808
6000 1 36656 75808
7000 3 43628 89808
8000 2 51456 103808
9000 3 57820 118616
10000 3 64608 133616
11000 3 71604 148616
12000 6 79312 163616
13000 4 86580 178616
14000 4 94256 193616
15000 5 102252 208616
16000 5 110912 223616
17000 6 118044 239232
18000 6 124640 255232
19000 6 131652 271232
20000 7 139216 287232
21000 6 146724 303232
22000 8 154208 319232
23000 7 162180 335232
24000 8 170624 351232
25000 9 178756 367232
26000 8 186160 383232
27000 9 194164 399232
28000 10 202512 415232
29000 9 211188 431232
30000 10 219504 447232
31000 11 228524 463232
32000 11 237824 479232
33000 11 246876 495464
34000 11 253088 512464
35000 11 260100 529464
36000 13 267280 546464
37000 13 275172 563464
38000 13 282304 580464
39000 14 290324 597464
40000 14 298432 614464
41000 14 307380 631464
42000 15 314448 648464
43000 16 322468 665464
44000 15 330416 682464
45000 17 339340 699464
46000 17 347360 716464
47000 17 356252 733464
48000 18 365248 750464
49000 18 375076 767464
50000 18 382512 784464
51000 19 390324 801464
52000 19 398320 818464
53000 20 407100 835464
54000 20 415328 852464
55000 19 424028 869464
56000 20 433024 886464
57000 20 442684 903464
58000 21 451376 920464
59000 22 460012 937464
60000 22 469008 954464
61000 22 478596 971464
62000 23 488048 988464
63000 23 497604 1005464
64000 23 507648 1022464
65000 23 518092 1039464
66000 24 526752 1056928
67000 25 533180 1074928
68000 25 540176 1092928
69000 25 547572 1110928
70000 27 555200 1128928
71000 26 562540 1146928
72000 28 570560 1164928
73000 26 578860 1182928
74000 28 587344 1200928
75000 27 594612 1218928
76000 28 602608 1236928
77000 28 610812 1254928
78000 29 619648 1272928
79000 29 627820 1290928
80000 29 636864 1308928
81000 30 645972 1326928
82000 30 655760 1344928
83000 30 662852 1362928
84000 31 670896 1380928
85000 32 678956 1398928
86000 32 687936 1416928
87000 33 695900 1434928
88000 32 704832 1452928
89000 33 713788 1470928
90000 33 723680 1488928
91000 34 731884 1506928
92000 35 740720 1524928
93000 35 749700 1542928
94000 35 759504 1560928
95000 36 768708 1578928
96000 36 778496 1596928
97000 37 788452 1614928
98000 37 799152 1632928
99000 37 807356 1650928
100000 43 815024 1668928
