1000 12 499500 989
2000 49 1999000 1994
3000 40 4498500 2993
4000 50 7998000 3995
5000 70 12497500 4991
6000 100 17997000 5989
7000 140 24496500 6988
8000 184 31996000 7990
9000 229 40495500 8988
10000 282 49995000 9991
11000 337 60494500 10990
12000 407 71994000 11990
13000 474 84493500 12987
14000 545 97993000 13993
15000 1031 112492500 14988
16000 2054 127992000 15990
17000 1206 144491500 16986
18000 893 161991000 17995
19000 1002 180490500 18987
20000 1676 199990000 19992
21000 2052 220489500 20990
22000 1335 241989000 21990
23000 2082 264488500 22991
24000 3153 287988000 23986
25000 1762 312487500 24990
26000 4027 337987000 25986
27000 2012 364486500 26991
28000 3802 391986000 27989
29000 2793 420485500 28987
30000 4644 449985000 29988
31000 2648 480484500 30989
32000 5137 511984000 31987
33000 5086 544483500 32992
34000 3228 577983000 33988
35000 5515 612482500 34986
36000 5700 647982000 35989
37000 5241 684481500 36992
38000 6121 721981000 37993
39000 5683 760480500 38992
40000 6534 799980000 39993
41000 6762 840479500 40988
42000 7004 881979000 41991
43000 7230 924478500 42990
44000 7358 967978000 43988
45000 9351 1012477500 44988
46000 7957 1057977000 45982
47000 9811 1104476500 46989
48000 8787 1151976000 47987
49000 10139 1200475500 48991
50000 9852 1249975000 49986
51000 11545 1300474500 50985
52000 10096 1351974000 51989
53000 11558 1404473500 52987
54000 11724 1457973000 53987
55000 12642 1512472500 54981
56000 12258 1567972000 55989
57000 13249 1624471500 56984
58000 13524 1681971000 57986
59000 14693 1740470500 58979
60000 14272 1799970000 59995
61000 14502 1860469500 60987
62000 16606 1921969000 61985
63000 15544 1984468500 62993
64000 17018 2047968000 63986
65000 16390 2112467500 64982
66000 18355 2177967000 65986
67000 18744 2244466500 66986
68000 18168 2311966000 67984
69000 19427 2380465500 68986
70000 20070 2449965000 69982
71000 20381 2520464500 70991
72000 21223 2591964000 71988
73000 24066 2664463500 72991
74000 22686 2737963000 73992
75000 24298 2812462500 74987
76000 22360 2887962000 75981
77000 25049 2964461500 76991
78000 25505 3041961000 77986
79000 25834 3120460500 78987
80000 26419 3199960000 79980
81000 26920 3280459500 80985
82000 27244 3361959000 81989
83000 28657 3444458500 82988
84000 29808 3527958000 83975
85000 30408 3612457500 84986
86000 29790 3697957000 85989
87000 31871 3784456500 86983
88000 32545 3871956000 87979
89000 32937 3960455500 88979
90000 33284 4049955000 89986
91000 34063 4140454500 90989
92000 36126 4231954000 91986
93000 34923 4324453500 92985
94000 37550 4417953000 93987
95000 37070 4512452500 94987
96000 37737 4607952000 95988
97000 39327 4704451500 96988
98000 40886 4801951000 97991
99000 41652 4900450500 98983
100000 40866 4999950000 99989
