1000 4 499500 0
2000 11 1999000 0
3000 28 4498500 0
4000 51 7998000 0
5000 163 12497500 0
6000 138 17997000 0
7000 220 24496500 0
8000 185 31996000 0
9000 238 40495500 0
10000 285 49995000 0
11000 345 60494500 0
12000 414 71994000 0
13000 520 84493500 0
14000 583 97993000 0
15000 686 112492500 0
16000 753 127992000 0
17000 838 144491500 0
18000 2232 161991000 0
19000 1320 180490500 0
20000 1208 199990000 0
21000 1603 220489500 0
22000 2607 241989000 0
23000 1443 264488500 0
24000 2826 287988000 0
25000 2569 312487500 0
26000 1853 337987000 0
27000 3391 364486500 0
28000 2142 391986000 0
29000 3702 420485500 0
30000 3799 449985000 0
31000 3508 480484500 0
32000 4235 511984000 0
33000 4437 544483500 0
34000 3167 577983000 0
35000 4754 612482500 0
36000 4969 647982000 0
37000 5156 684481500 0
38000 5371 721981000 0
39000 6315 760480500 0
40000 5814 799980000 0
41000 6018 840479500 0
42000 6930 881979000 0
43000 7214 924478500 0
44000 7408 967978000 0
45000 9142 1012477500 0
46000 7199 1057977000 0
47000 8864 1104476500 0
48000 7749 1151976000 0
49000 10071 1200475500 0
50000 8291 1249975000 0
51000 11029 1300474500 0
52000 11699 1351974000 0
53000 10702 1404473500 0
54000 12574 1457973000 0
55000 12040 1512472500 0
56000 12683 1567972000 0
57000 13257 1624471500 0
58000 12866 1681971000 0
59000 13179 1740470500 0
60000 14678 1799970000 0
61000 14837 1860469500 0
62000 14491 1921969000 0
63000 16248 1984468500 0
64000 17162 2047968000 0
65000 16685 2112467500 0
66000 16385 2177967000 0
67000 17717 2244466500 0
68000 18525 2311966000 0
69000 18867 2380465500 0
70000 20289 2449965000 0
71000 19939 2520464500 0
72000 19994 2591964000 0
73000 21977 2664463500 0
74000 20813 2737963000 0
75000 22633 2812462500 0
76000 23863 2887962000 0
77000 23036 2964461500 0
78000 23825 3041961000 0
79000 24969 3120460500 0
80000 25534 3199960000 0
81000 26119 3280459500 0
82000 27448 3361959000 0
83000 26905 3444458500 0
84000 29598 3527958000 0
85000 27713 3612457500 0
86000 30513 3697957000 0
87000 30443 3784456500 0
88000 31384 3871956000 0
89000 31894 3960455500 0
90000 31614 4049955000 0
91000 34335 4140454500 0
92000 32667 4231954000 0
93000 35309 4324453500 0
94000 34410 4417953000 0
95000 37034 4512452500 0
96000 36249 4607952000 0
97000 36651 4704451500 0
98000 39354 4801951000 0
99000 40826 4900450500 0
100000 38984 4999950000 0
