1000 6 499500 511
2000 14 1999000 1020
3000 30 4498500 1575
4000 50 7998000 2113
5000 82 12497500 2648
6000 112 17997000 3200
7000 164 24496500 3821
8000 218 31996000 4351
9000 264 40495500 4978
10000 915 49995000 5554
11000 1293 60494500 6114
12000 532 71994000 6771
13000 567 84493500 7346
14000 662 97993000 7973
15000 774 112492500 8582
16000 1076 127992000 9231
17000 2883 144491500 9882
18000 1194 161991000 10470
19000 1302 180490500 11164
20000 2579 199990000 11693
21000 2602 220489500 12375
22000 1806 241989000 13013
23000 3378 264488500 13703
24000 2204 287988000 14299
25000 4113 312487500 14984
26000 4450 337987000 15617
27000 3066 364486500 16259
28000 4478 391986000 16964
29000 5445 420485500 17510
30000 3570 449985000 18209
31000 5944 480484500 18975
32000 5545 511984000 19599
33000 5790 544483500 20245
34000 6622 577983000 20885
35000 8174 612482500 21598
36000 7054 647982000 22340
37000 8642 684481500 22930
38000 8130 721981000 23685
39000 8436 760480500 24331
40000 10183 799980000 25021
41000 9169 840479500 25528
42000 10249 881979000 26330
43000 11253 924478500 26977
44000 11681 967978000 27631
45000 11328 1012477500 28370
46000 11691 1057977000 29056
47000 12865 1104476500 29691
48000 14600 1151976000 30387
49000 13349 1200475500 31103
50000 14941 1249975000 31704
51000 15544 1300474500 32529
52000 15134 1351974000 33121
53000 16672 1404473500 33899
54000 17167 1457973000 34565
55000 18359 1512472500 35231
56000 17449 1567972000 35884
57000 19581 1624471500 36761
58000 18867 1681971000 37282
59000 20073 1740470500 37928
60000 22692 1799970000 38658
61000 21239 1860469500 39440
62000 21913 1921969000 40038
63000 22612 1984468500 40809
64000 23823 2047968000 41586
65000 23661 2112467500 42291
66000 24989 2177967000 42905
67000 26696 2244466500 43523
68000 25961 2311966000 44270
69000 27910 2380465500 45000
70000 28332 2449965000 45663
71000 30342 2520464500 46388
72000 29352 2591964000 47190
73000 29252 2664463500 47822
74000 32085 2737963000 48504
75000 31616 2812462500 49242
76000 34508 2887962000 50005
77000 33079 2964461500 50648
78000 35810 3041961000 51423
79000 34634 3120460500 51989
80000 36713 3199960000 52830
81000 37807 3280459500 53504
82000 36449 3361959000 54343
83000 38113 3444458500 54745
84000 39345 3527958000 55640
85000 40466 3612457500 56223
86000 42076 3697957000 57052
87000 43002 3784456500 57713
88000 42277 3871956000 58344
89000 44393 3960455500 59211
90000 45521 4049955000 59840
91000 45891 4140454500 60658
92000 44946 4231954000 61205
93000 47604 4324453500 61862
94000 48426 4417953000 62756
95000 50835 4512452500 63323
96000 51411 4607952000 64069
97000 51020 4704451500 64823
98000 53853 4801951000 65421
99000 54706 4900450500 66443
100000 55500 4999950000 67038
